0307150100
0307150101
0307150102
0307150103
0307150104
0307150105
0307150106
0307150107
0307150108
0307150109
0307150110
0307150111
0307150112
0307150113
0307150114
0307150115
0307150116
0307150117
0307150118
0307150119
0307150120
0307150121
0307150122
0307150123
0307150124
0307150125
0307150126
0307150127
0307150128
0307150129
0307150130
0307150131
0307150132
0307150133
0307150134
0307150135
0307150136
0307150137
0307150138
0307150139
0307150140
0307150141
0307150142
0307150143
0307150144
0307150145
0307150146
0307150147
0307150148
0307150149
0307150150
0307150151
0307150152
0307150153
0307150154
0307150155
0307150156
0307150157
0307150158
0307150159
0307150160
0307150161
0307150162
0307150163
0307150164
0307150165
0307150166
0307150167
0307150168
0307150169
0307150170
0307150171
0307150172
0307150173
0307150174
0307150175
0307150176
0307150177
0307150178
0307150179
0307150180
0307150181
0307150182
0307150183
0307150184
0307150185
0307150186
0307150187
0307150188
0307150189
0307150190
0307150191
0307150192
0307150193
0307150194
0307150195
0307150196
0307150197
0307150198
0307150199
0307150200
0307150201
0307150202
0307150203
0307150204
0307150205
0307150206
0307150207
0307150208
0307150209
0307150210
0307150211
0307150212
0307150213
0307150214
0307150215
0307150216
0307150217
0307150218
0307150219
0307150220
0307150221
0307150222
0307150223
0307150224
0307150225
0307150226
0307150227
0307150228
0307150229
0307150230
0307150231
0307150232
0307150233
0307150234
0307150235
0307150236
0307150237
0307150238
0307150239
0307150240
0307150241
0307150242
0307150243
0307150244
0307150245
0307150246
0307150247
0307150248
0307150249
0307150250
0307150251
0307150252
0307150253
0307150254
0307150255
0307150256
0307150257
0307150258
0307150259
0307150260
0307150261
0307150262
0307150263
0307150264
0307150265
0307150266
0307150267
0307150268
0307150269
0307150270
0307150271
0307150272
0307150273
0307150274
0307150275
0307150276
0307150277
0307150278
0307150279
0307150280
0307150281
0307150282
0307150283
0307150284
0307150285
0307150286
0307150287
0307150288
0307150289
0307150290
0307150291
0307150292
0307150293
0307150294
0307150295
0307150296
0307150297
0307150298
0307150299
0307150300
0307150301
0307150302
0307150303
0307150304
0307150305
0307150306
0307150307
0307150308
0307150309
0307150310
0307150311
0307150312
0307150313
0307150314
0307150315
0307150316
0307150317
0307150318
0307150319
0307150320
0307150321
0307150322
0307150323
0307150324
0307150325
0307150326
0307150327
0307150328
0307150329
0307150330
0307150331
0307150332
0307150333
0307150334
0307150335
0307150336
0307150337
0307150338
0307150339
0307150340
0307150341
0307150342
0307150343
0307150344
0307150345
0307150346
0307150347
0307150348
0307150349
0307150350
0307150351
0307150352
0307150353
0307150354
0307150355
0307150356
0307150357
0307150358
0307150359
0307150360
0307150361
0307150362
0307150363
0307150364
0307150365
0307150366
0307150367
0307150368
0307150369
0307150370
0307150371
0307150372
0307150373
0307150374
0307150375
0307150376
0307150377
0307150378
0307150379
0307150380
0307150381
0307150382
0307150383
0307150384
0307150385
0307150386
0307150387
0307150388
0307150389
0307150390
0307150391
0307150392
0307150393
0307150394
0307150395
0307150396
0307150397
0307150398
0307150399
0307150400
0307150401
0307150402
0307150403
0307150404
0307150405
0307150406
0307150407
0307150408
0307150409
0307150410
0307150411
0307150412
0307150413
0307150414
0307150415
0307150416
0307150417
0307150418
0307150419
0307150420
0307150421
0307150422
0307150423
0307150424
0307150425
0307150426
0307150427
0307150428
0307150429
0307150430
0307150431
0307150432
0307150433
0307150434
0307150435
0307150436
0307150437
0307150438
0307150439
0307150440
0307150441
0307150442
0307150443
0307150444
0307150445
0307150446
0307150447
0307150448
0307150449
0307150450
0307150451
0307150452
0307150453
0307150454
0307150455
0307150456
0307150457
0307150458
0307150459
0307150460
0307150461
0307150462
0307150463
0307150464
0307150465
0307150466
0307150467
0307150468
0307150469
0307150470
0307150471
0307150472
0307150473
0307150474
0307150475
0307150476
0307150477
0307150478
0307150479
0307150480
0307150481
0307150482
0307150483
0307150484
0307150485
0307150486
0307150487
0307150488
0307150489
0307150490
0307150491
0307150492
0307150493
0307150494
0307150495
0307150496
0307150497
0307150498
0307150499
0307150500
030715000200
