041415501
041415502
041415503
041415504
041415505
041415506
041415507
041415508
041415509
041415510
041415511
041415512
041415513
041415514
041415515
041415516
041415517
041415518
041415519
041415520
041415521
041415522
041415523
041415524
041415525
041415526
041415527
041415528
041415529
041415530
041415531
041415532
041415533
041415534
041415535
041415536
041415537
041415538
041415539
041415540
041415541
041415542
041415543
041415544
041415545
041415546
041415547
041415548
041415549
041415550
041415551
041415552
041415553
041415554
041415555
041415556
041415557
041415558
041415559
041415560
041415561
041415562
041415563
041415564
041415565
041415566
041415567
041415568
041415569
041415570
041415571
041415572
041415573
041415574
041415575
041415576
041415577
041415578
041415579
041415580
041415581
041415582
041415583
041415584
041415585
041415586
041415587
041415588
041415589
041415590
041415591
041415592
041415593
041415594
041415595
041415596
041415597
041415598
041415599
041415600
041415601
041415602
041415603
041415604
041415605
041415606
041415607
041415608
041415609
041415610
041415611
041415612
041415613
041415614
041415615
041415616
041415617
041415618
041415619
041415620
041415621
041415622
041415623
041415624
041415625
041415626
041415627
041415628
041415629
041415630
041415631
041415632
041415633
041415634
041415635
041415636
041415637
041415638
041415639
041415640
041415641
041415642
041415643
041415644
041415645
041415646
041415647
041415648
041415649
041415650
041415651
041415652
041415653
041415654
041415655
041415656
041415657
041415658
041415659
041415660
041415661
041415662
041415663
041415664
041415665
041415666
041415667
041415668
041415669
041415670
041415671
041415672
041415673
041415674
041415675
041415676
041415677
041415678
041415679
041415680
041415681
041415682
041415683
041415684
041415685
041415686
041415687
041415688
041415689
041415690
041415691
041415692
041415693
041415694
041415695
041415696
041415697
041415698
041415699
041415700
041415701
041415702
041415703
041415704
041415705
041415706
041415707
041415708
041415709
041415710
041415711
041415712
041415713
041415714
041415715
041415716
041415717
041415718
041415719
041415720
041415721
041415722
041415723
041415724
041415725
041415726
041415727
041415728
041415729
041415730
041415731
041415732
041415733
041415734
041415735
041415736
041415737
041415738
041415739
041415740
041415741
041415742
041415743
041415744
041415745
041415746
041415747
041415748
041415749
041415750
041415751
041415752
041415753
041415754
041415755
041415756
041415757
041415758
041415759
041415760
041415761
041415762
041415763
041415764
041415765
041415766
041415767
041415768
041415769
041415770
041415771
041415772
041415773
041415774
041415775
041415776
041415777
041415778
041415779
041415780
041415781
041415782
041415783
041415784
041415785
041415786
041415787
041415788
041415789
041415790
041415791
041415792
041415793
041415794
041415795
041415796
041415797
041415798
041415799
041415800
041415801
041415802
041415803
041415804
041415805
041415806
041415807
041415808
041415809
041415810
041415811
041415812
041415813
041415814
041415815
041415816
041415817
041415818
041415819
041415820
041415821
041415822
041415823
041415824
041415825
041415826
041415827
041415828
041415829
041415830
041415831
041415832
041415833
041415834
041415835
041415836
041415837
041415838
041415839
041415840
041415841
041415842
041415843
041415844
041415845
041415846
041415847
041415848
041415849
041415850
041415851
041415852
041415853
041415854
041415855
041415856
041415857
041415858
041415859
041415860
041415861
041415862
041415863
041415864
041415865
041415866
041415867
041415868
041415869
041415870
041415871
041415872
041415873
041415874
041415875
041415876
041415877
041415878
041415879
041415880
041415881
041415882
041415883
041415884
041415885
041415886
041415887
041415888
041415889
041415890
041415891
041415892
041415893
041415894
041415895
041415896
041415897
041415898
041415899
041415900
041415901
041415902
041415903
041415904
041415905
041415906
041415907
041415908
041415909
041415910
041415911
041415912
041415913
041415914
041415915
041415916
041415917
041415918
041415919
041415920
041415921
041415922
041415923
041415924
041415925
041415926
041415927
041415928
041415929
041415930
041415931
041415932
041415933
041415934
041415935
041415936
041415937
041415938
041415939
041415940
041415941
041415942
041415943
041415944
041415945
041415946
041415947
041415948
041415949
041415950
041415951
041415952
041415953
041415954
041415955
041415956
041415957
041415958
041415959
041415960
041415961
041415962
041415963
041415964
041415965
041415966
041415967
041415968
041415969
041415970
041415971
041415972
041415973
041415974
041415975
041415976
041415977
041415978
041415979
041415980
041415981
041415982
041415983
041415984
041415985
041415986
041415987
041415988
041415989
041415990
041415991
041415992
041415993
041415994
041415995
041415996
041415997
041415998
041415999
